085 000 0.770
085 010 1.720
085 020 2.880
085 030 3.710
085 040 4.260
085 050 5.500
085 060 6.400
085 070 7.180
085 080 8.140
085 090 9.130
085 100 9.730
060 000 0.730
060 010 1.630
060 020 2.580
060 030 3.530
060 040 4.440
060 050 5.330
060 060 6.190
060 070 7.080
060 080 8.030
060 090 8.900
060 100 10.00
030 000 0.800
030 010 1.640
030 020 2.600
030 030 3.480
030 040 4.460
030 050 5.340
030 060 6.380
030 070 7.200
030 080 8.200
030 090 8.900
030 100 9.980
010 000 0.900
010 010 1.590
010 020 2.510
010 030 3.580
010 040 4.360
010 050 5.320
010 060 6.190
010 070 7.100
010 080 7.930
010 090 8.800
010 100 10.05
-10 000 0.580
-10 010 1.560
-10 020 2.600
-10 030 3.580
-10 040 4.470
-10 050 5.380
-10 060 6.260
-10 070 7.200
-10 080 8.200
-10 090 9.150
-10 100 9.810
-30 000 0.780
-30 010 1.520
-30 020 2.500
-30 030 3.520
-30 040 4.460
-30 050 5.450
-30 060 6.370
-30 070 7.230
-30 080 8.180
-30 090 9.170
-30 100 9.830
-60 000 0.780
-60 010 1.530
-60 020 2.440
-60 030 3.480
-60 040 4.400
-60 050 5.410
-60 060 6.320
-60 070 7.260
-60 080 8.190
-60 090 9.270
-60 100 9.760
-85 000 0.770
-85 010 1.720
-85 020 2.880
-85 030 3.710
-85 040 4.260
-85 050 5.500
-85 060 6.400
-85 070 7.180
-85 080 8.140
-85 090 9.130
-85 100 9.730
